1	1	1	1
1	1	2	1
1	1	3	1
1	1	4	1
1	1	5	1
1	1	6	1
1	1	7	1
1	1	8	1
1	1	9	1
1	1	10	1
1	1	11	1
1	1	12	1
1	1	13	1
2	1	14	1
2	1	15	1
2	1	16	1
2	1	17	1
2	1	18	1
2	1	19	1
2	1	20	1
2	1	21	1
2	1	22	1
2	1	23	1
2	1	24	1
2	1	25	1
2	1	26	1
3	1	27	1
3	1	28	1
3	1	29	1
3	1	30	1
3	1	31	1
3	1	32	1
3	1	33	1
3	1	34	1
3	1	35	1
3	1	36	1
3	1	37	1
3	1	38	1
3	1	39	1
4	1	40	1
4	1	41	1
4	1	42	1
4	1	43	1
4	1	44	1
4	1	45	1
4	1	46	1
4	1	47	1
4	1	48	1
4	1	49	1
4	1	50	1
4	1	51	1
4	1	52	1
4	1	53	1
4	1	54	1
4	1	55	1
4	1	56	1
4	1	57	1
4	1	58	1
5	1	59	1
5	1	60	1
5	1	61	1
5	1	62	1
5	1	63	1
5	1	64	1
5	1	65	1
5	1	66	1
5	1	67	1
5	1	68	1
5	1	69	1
6	1	70	1
6	1	71	1
6	1	72	1
6	1	73	1
6	1	74	1
6	1	75	1
6	1	76	1
6	1	77	1
6	1	78	1
7	1	79	1
7	1	80	1
7	1	81	1
7	1	82	1
7	1	83	1
7	1	84	1
7	1	85	1
7	1	86	1
7	1	87	1
7	1	88	1
7	1	89	1
7	1	90	1
7	1	91	1
7	1	92	1
7	1	93	1
7	1	94	1
7	1	95	1
7	1	96	1
7	1	97	1
7	1	98	1
7	1	99	1
7	1	100	1
7	1	101	1
8	1	102	1
8	1	103	1
8	1	104	1
8	1	105	1
8	1	106	1
8	1	107	1
8	1	108	1
8	1	109	1
8	1	110	1
8	1	111	1
8	1	112	1
9	1	113	1
9	1	114	1
9	1	115	1
9	1	116	1
9	1	117	1
9	1	118	1
9	1	119	1
9	1	120	1
9	1	121	1
9	1	122	1
9	1	123	1
9	1	124	1
9	1	125	1
9	1	126	1
9	1	127	1
9	1	128	1
9	1	129	1
9	1	130	1
9	1	131	1
9	1	132	1
9	1	133	1
9	1	134	1
9	1	135	1
9	1	136	1
9	1	137	1
9	1	138	1
9	1	139	1
9	1	140	1
9	1	141	1
9	1	142	1
9	1	143	1
10	1	144	1
10	1	145	1
10	1	146	1
10	1	147	1
10	1	148	1
10	1	149	1
10	1	150	1
10	1	151	1
10	1	152	1
11	2	153	1
11	2	154	1
11	2	155	1
11	2	156	1
11	2	157	1
11	2	158	1
11	2	159	1
11	2	160	1
11	2	8	1
11	2	161	1
11	2	162	1
11	2	163	1
11	2	164	1
11	2	165	1
11	2	166	1
12	2	167	1
12	2	168	1
12	2	169	1
12	2	170	1
12	2	171	1
12	2	172	1
12	2	173	1
12	2	174	1
12	2	175	1
13	2	176	1
13	2	177	1
13	2	178	1
13	2	179	1
13	2	180	1
13	2	181	1
13	2	182	1
13	2	183	1
13	2	184	1
13	2	185	1
13	2	186	1
13	2	187	1
13	2	188	1
13	2	189	1
13	2	190	1
13	2	191	1
13	2	192	1
13	2	193	1
13	2	37	1
13	2	194	1
13	2	195	1
14	2	196	1
14	2	197	1
14	2	198	1
14	2	199	1
14	2	200	1
14	2	201	1
14	2	202	1
14	2	203	1
14	2	204	1
14	2	205	1
14	2	206	1
14	2	207	1
14	2	208	1
14	2	209	1
14	2	210	1
15	2	211	1
15	2	212	1
15	2	213	1
15	2	214	1
15	2	215	1
15	2	171	1
15	2	216	1
15	2	217	1
15	2	218	1
15	2	219	1
15	2	141	1
15	2	220	1
15	2	221	1
15	2	222	1
15	2	223	1
15	2	224	1
15	2	225	1
16	2	226	1
16	2	227	1
16	2	228	1
16	2	229	1
16	2	230	1
16	2	231	1
16	2	232	1
16	2	233	1
16	2	234	1
16	2	235	1
16	2	236	1
16	2	237	1
16	2	238	1
16	2	239	1
16	2	240	1
16	2	241	1
16	2	242	1
17	2	243	1
17	2	244	1
17	2	245	1
17	2	44	1
17	2	246	1
17	2	247	1
17	2	248	1
17	2	249	2
17	2	250	1
17	2	162	1
17	2	251	1
17	2	53	1
17	2	252	1
17	2	253	1
17	2	254	1
17	2	255	1
17	2	256	1
17	2	257	1
18	2	258	1
18	2	259	1
18	2	260	1
18	2	261	1
18	2	262	1
18	2	263	1
18	2	264	1
18	2	265	1
18	2	266	1
18	2	63	1
18	2	267	1
18	2	268	1
18	2	269	1
18	2	270	1
18	2	271	1
19	2	272	1
19	2	273	1
19	2	274	1
19	2	275	1
19	2	276	1
19	2	277	1
19	2	278	1
19	2	279	1
19	2	280	1
20	2	281	2
20	2	282	1
20	2	283	1
20	2	284	1
20	2	285	1
20	2	286	1
20	2	53	1
20	2	287	1
20	2	288	1
20	2	289	1
20	2	290	1
20	2	291	1
20	2	292	1
20	2	293	1
20	2	294	1
20	2	295	1
